# This file shows results of an evaluation of saliencymaps as described in
# R. Achanta, S. Hemami, F. Estrada and S. Süsstrunk, Frequency-tuned Salient Region Detection, IEEE International Conference on Computer Vision and Pattern Recognition (CVPR), 2009.
#
# threshold mean_precision mean_recall
0 0.1989 1.000 
1 0.1989 1.000 
2 0.1989 1.000 
3 0.1989 1.000 
4 0.1989 1.000 
5 0.1989 1.000 
6 0.1989 1.000 
7 0.1989 1.000 
8 0.1989 1.000 
9 0.1989 1.000 
10 0.1989 1.000 
11 0.1989 1.000 
12 0.1989 1.000 
13 0.1989 1.000 
14 0.1991 1.000 
15 0.1991 1.000 
16 0.1991 1.000 
17 0.1991 1.000 
18 0.1991 1.000 
19 0.1991 1.000 
20 0.1991 1.000 
21 0.1991 1.000 
22 0.1991 1.000 
23 0.1995 1.000 
24 0.1995 1.000 
25 0.1995 1.000 
26 0.1995 1.000 
27 0.1995 1.000 
28 0.1995 1.000 
29 0.2001 1.000 
30 0.2001 1.000 
31 0.2001 1.000 
32 0.2001 1.000 
33 0.2001 1.000 
34 0.2001 1.000 
35 0.2008 1.000 
36 0.2008 1.000 
37 0.2008 1.000 
38 0.2008 1.000 
39 0.2016 1.000 
40 0.2016 1.000 
41 0.2016 1.000 
42 0.2016 1.000 
43 0.2027 1.000 
44 0.2027 1.000 
45 0.2027 1.000 
46 0.2027 1.000 
47 0.2038 1.000 
48 0.2038 1.000 
49 0.2038 1.000 
50 0.2038 1.000 
51 0.2051 1.000 
52 0.2051 1.000 
53 0.2051 1.000 
54 0.2065 0.9999 
55 0.2065 0.9999 
56 0.2065 0.9999 
57 0.2080 0.9999 
58 0.2080 0.9999 
59 0.2080 0.9999 
60 0.2097 0.9999 
61 0.2097 0.9999 
62 0.2114 0.9999 
63 0.2114 0.9999 
64 0.2114 0.9999 
65 0.2133 0.9998 
66 0.2133 0.9998 
67 0.2154 0.9998 
68 0.2154 0.9998 
69 0.2154 0.9998 
70 0.2175 0.9997 
71 0.2175 0.9997 
72 0.2197 0.9996 
73 0.2197 0.9996 
74 0.2220 0.9995 
75 0.2220 0.9995 
76 0.2244 0.9993 
77 0.2244 0.9993 
78 0.2269 0.9992 
79 0.2269 0.9992 
80 0.2294 0.9990 
81 0.2294 0.9990 
82 0.2321 0.9988 
83 0.2321 0.9988 
84 0.2349 0.9985 
85 0.2349 0.9985 
86 0.2378 0.9983 
87 0.2409 0.9980 
88 0.2409 0.9980 
89 0.2441 0.9976 
90 0.2441 0.9976 
91 0.2474 0.9972 
92 0.2474 0.9972 
93 0.2507 0.9968 
94 0.2542 0.9963 
95 0.2542 0.9963 
96 0.2577 0.9958 
97 0.2614 0.9952 
98 0.2614 0.9952 
99 0.2652 0.9945 
100 0.2691 0.9938 
101 0.2691 0.9938 
102 0.2730 0.9930 
103 0.2771 0.9921 
104 0.2771 0.9921 
105 0.2813 0.9911 
106 0.2857 0.9901 
107 0.2900 0.9890 
108 0.2900 0.9890 
109 0.2946 0.9879 
110 0.2993 0.9866 
111 0.3040 0.9854 
112 0.3040 0.9854 
113 0.3089 0.9839 
114 0.3139 0.9825 
115 0.3189 0.9809 
116 0.3240 0.9793 
117 0.3240 0.9793 
118 0.3292 0.9777 
119 0.3346 0.9760 
120 0.3400 0.9742 
121 0.3455 0.9724 
122 0.3511 0.9706 
123 0.3569 0.9686 
124 0.3569 0.9686 
125 0.3627 0.9666 
126 0.3686 0.9646 
127 0.3747 0.9624 
128 0.3808 0.9603 
129 0.3870 0.9580 
130 0.3932 0.9557 
131 0.3996 0.9533 
132 0.4061 0.9508 
133 0.4126 0.9482 
134 0.4191 0.9456 
135 0.4257 0.9429 
136 0.4324 0.9400 
137 0.4391 0.9371 
138 0.4459 0.9341 
139 0.4526 0.9309 
140 0.4594 0.9277 
141 0.4661 0.9244 
142 0.4729 0.9210 
143 0.4797 0.9176 
144 0.4865 0.9140 
145 0.4933 0.9103 
146 0.5001 0.9066 
147 0.5069 0.9028 
148 0.5137 0.8989 
149 0.5271 0.8906 
150 0.5339 0.8863 
151 0.5405 0.8819 
152 0.5471 0.8775 
153 0.5537 0.8729 
154 0.5603 0.8684 
155 0.5668 0.8637 
156 0.5797 0.8540 
157 0.5860 0.8490 
158 0.5923 0.8439 
159 0.5985 0.8389 
160 0.6108 0.8284 
161 0.6169 0.8230 
162 0.6230 0.8176 
163 0.6291 0.8121 
164 0.6411 0.8009 
165 0.6469 0.7951 
166 0.6527 0.7892 
167 0.6583 0.7832 
168 0.6694 0.7710 
169 0.6748 0.7648 
170 0.6801 0.7586 
171 0.6905 0.7457 
172 0.6954 0.7392 
173 0.7003 0.7325 
174 0.7098 0.7188 
175 0.7143 0.7118 
176 0.7230 0.6974 
177 0.7272 0.6902 
178 0.7313 0.6828 
179 0.7393 0.6677 
180 0.7432 0.6601 
181 0.7508 0.6447 
182 0.7544 0.6370 
183 0.7617 0.6213 
184 0.7653 0.6134 
185 0.7688 0.6055 
186 0.7755 0.5895 
187 0.7787 0.5813 
188 0.7849 0.5650 
189 0.7878 0.5568 
190 0.7932 0.5402 
191 0.7982 0.5234 
192 0.8004 0.5149 
193 0.8049 0.4981 
194 0.8070 0.4896 
195 0.8110 0.4728 
196 0.8128 0.4643 
197 0.8160 0.4473 
198 0.8194 0.4305 
199 0.8211 0.4223 
200 0.8242 0.4057 
201 0.8273 0.3893 
202 0.8288 0.3810 
203 0.8314 0.3644 
204 0.8339 0.3481 
205 0.8350 0.3401 
206 0.8373 0.3243 
207 0.8392 0.3089 
208 0.8401 0.3014 
209 0.8416 0.2866 
210 0.8434 0.2725 
211 0.8451 0.2586 
212 0.8460 0.2518 
213 0.8474 0.2386 
214 0.8494 0.2259 
215 0.8513 0.2138 
216 0.8529 0.2023 
217 0.8546 0.1912 
218 0.8554 0.1858 
219 0.8571 0.1752 
220 0.8590 0.1651 
221 0.8609 0.1553 
222 0.8620 0.1461 
223 0.8633 0.1371 
224 0.8646 0.1285 
225 0.8661 0.1202 
226 0.8669 0.1162 
227 0.8683 0.1085 
228 0.8692 0.1011 
229 0.8704 0.09405 
230 0.8717 0.08729 
231 0.8726 0.08097 
232 0.8734 0.07490 
233 0.8734 0.06913 
234 0.8732 0.06368 
235 0.8718 0.05852 
236 0.8700 0.05363 
237 0.8686 0.04907 
238 0.8671 0.04482 
239 0.8646 0.03888 
240 0.8630 0.03522 
241 0.8604 0.03175 
242 0.8597 0.02854 
243 0.8593 0.02549 
244 0.8590 0.02264 
245 0.8581 0.01990 
246 0.8561 0.01733 
247 0.8547 0.01369 
248 0.8530 0.01148 
249 0.8504 0.009392 
250 0.8486 0.007355 
251 0.8489 0.005578 
252 0.8459 0.003268 
253 0.8451 0.001962 
254 0.8415 0.001033 
255 0.8397 0.0003618 
